

 Step 1.000000 Load 0.200000
Nodal Displacements: 
 Node            Coords            u1       u2       u3 
  1  -5.0000  -5.0000  10.0000   0.0539   0.8971   0.3911 
  2  -5.0000   5.0000  10.0000  -0.0488   0.8644  -0.4111 
  3  -5.0000  -5.0000   0.0000   0.0000  -0.0000  -0.0000 
  4  -5.0000   5.0000   0.0000   0.0000   0.0000  -0.0000 
  5   5.0000  -5.0000  10.0000  -0.0539   0.8971   0.3911 
  6   5.0000   5.0000  10.0000   0.0488   0.8644  -0.4111 
  7   5.0000  -5.0000   0.0000   0.0000   0.0000   0.0000 
  8   5.0000   5.0000   0.0000   0.0000   0.0000   0.0000 


 Strains and Stresses 
 
 Element; 1 
 int pt         Coords            B_11      B_22     B_33      B_12       B_13      B_23      s_11      s_22      s_33      s_12      s_13      s_23 
    1 -2.8868 -2.8868  2.1132    0.9973    1.0065    1.0451   -0.0011    0.0019    0.0740    0.0433    0.0806    0.2356   -0.0044    0.0077    0.2978 
    2  2.8868 -2.8868  2.1132    0.9973    1.0065    1.0451    0.0011   -0.0019    0.0740    0.0433    0.0806    0.2356    0.0044   -0.0077    0.2978 
    3 -2.8868  2.8868  2.1132    1.0023    1.0062    0.9526   -0.0014   -0.0015    0.0681   -0.0575   -0.0405   -0.2726   -0.0060   -0.0065    0.2945 
    4  2.8868  2.8868  2.1132    1.0023    1.0062    0.9526    0.0014    0.0015    0.0681   -0.0575   -0.0405   -0.2726    0.0060    0.0065    0.2945 
    5 -2.8868 -2.8868  7.8868    0.9899    1.0028    1.0488   -0.0045    0.0022    0.0279    0.0143    0.0663    0.2519   -0.0181    0.0089    0.1124 
    6  2.8868 -2.8868  7.8868    0.9899    1.0028    1.0488    0.0045   -0.0022    0.0279    0.0143    0.0663    0.2519    0.0181   -0.0089    0.1124 
    7 -2.8868  2.8868  7.8868    1.0086    1.0025    0.9563   -0.0048   -0.0012    0.0219   -0.0108   -0.0371   -0.2351   -0.0206   -0.0053    0.0940 
    8  2.8868  2.8868  7.8868    1.0086    1.0025    0.9563    0.0048    0.0012    0.0219   -0.0108   -0.0371   -0.2351    0.0206    0.0053    0.0940 


 Step 2.000000 Load 0.400000
Nodal Displacements: 
 Node            Coords            u1       u2       u3 
  1  -5.0000  -5.0000  10.0000   0.1130   1.8183   0.7572 
  2  -5.0000   5.0000  10.0000  -0.0926   1.6893  -0.8360 
  3  -5.0000  -5.0000   0.0000  -0.0000   0.0000  -0.0000 
  4  -5.0000   5.0000   0.0000  -0.0000  -0.0000  -0.0000 
  5   5.0000  -5.0000  10.0000  -0.1130   1.8183   0.7572 
  6   5.0000   5.0000  10.0000   0.0926   1.6893  -0.8360 
  7   5.0000  -5.0000   0.0000   0.0000   0.0000   0.0000 
  8   5.0000   5.0000   0.0000   0.0000   0.0000   0.0000 


 Strains and Stresses 
 
 Element; 1 
 int pt         Coords            B_11      B_22     B_33      B_12       B_13      B_23      s_11      s_22      s_33      s_12      s_13      s_23 
    1 -2.8868 -2.8868  2.1132    0.9942    1.0266    1.0870   -0.0018    0.0043    0.1531    0.0718    0.1981    0.4330   -0.0069    0.0166    0.5953 
    2  2.8868 -2.8868  2.1132    0.9942    1.0266    1.0870    0.0018   -0.0043    0.1531    0.0718    0.1981    0.4330    0.0069   -0.0166    0.5953 
    3 -2.8868  2.8868  2.1132    1.0042    1.0240    0.9038   -0.0030   -0.0026    0.1295   -0.1279   -0.0387   -0.5795   -0.0134   -0.0117    0.5824 
    4  2.8868  2.8868  2.1132    1.0042    1.0240    0.9038    0.0030    0.0026    0.1295   -0.1279   -0.0387   -0.5795    0.0134    0.0117    0.5824 
    5 -2.8868 -2.8868  7.8868    0.9783    1.0118    1.1017   -0.0085    0.0054    0.0623    0.0322    0.1626    0.5119   -0.0332    0.0208    0.2421 
    6  2.8868 -2.8868  7.8868    0.9783    1.0118    1.1017    0.0085   -0.0054    0.0623    0.0322    0.1626    0.5119    0.0332   -0.0208    0.2421 
    7 -2.8868  2.8868  7.8868    1.0157    1.0092    0.9184   -0.0098   -0.0015    0.0387   -0.0182   -0.0464   -0.4449   -0.0428   -0.0067    0.1698 
    8  2.8868  2.8868  7.8868    1.0157    1.0092    0.9184    0.0098    0.0015    0.0387   -0.0182   -0.0464   -0.4449    0.0428    0.0067    0.1698 


 Step 3.000000 Load 0.600000
Nodal Displacements: 
 Node            Coords            u1       u2       u3 
  1  -5.0000  -5.0000  10.0000   0.1769   2.7544   1.0947 
  2  -5.0000   5.0000  10.0000  -0.1318   2.4694  -1.2679 
  3  -5.0000  -5.0000   0.0000  -0.0000   0.0000   0.0000 
  4  -5.0000   5.0000   0.0000   0.0000   0.0000   0.0000 
  5   5.0000  -5.0000  10.0000  -0.1769   2.7544   1.0947 
  6   5.0000   5.0000  10.0000   0.1318   2.4694  -1.2679 
  7   5.0000  -5.0000   0.0000   0.0000   0.0000   0.0000 
  8   5.0000   5.0000   0.0000   0.0000   0.0000   0.0000 


 Strains and Stresses 
 
 Element; 1 
 int pt         Coords            B_11      B_22     B_33      B_12       B_13      B_23      s_11      s_22      s_33      s_12      s_13      s_23 
    1 -2.8868 -2.8868  2.1132    0.9906    1.0606    1.1251   -0.0020    0.0070    0.2358    0.0851    0.3489    0.5923   -0.0076    0.0265    0.8895 
    2  2.8868 -2.8868  2.1132    0.9906    1.0606    1.1251    0.0020   -0.0070    0.2358    0.0851    0.3489    0.5923    0.0076   -0.0265    0.8895 
    3 -2.8868  2.8868  2.1132    1.0057    1.0520    0.8547   -0.0047   -0.0034    0.1839   -0.2100    0.0067   -0.9164   -0.0221   -0.0157    0.8604 
    4  2.8868  2.8868  2.1132    1.0057    1.0520    0.8547    0.0047    0.0034    0.1839   -0.2100    0.0067   -0.9164    0.0221    0.0157    0.8604 
    5 -2.8868 -2.8868  7.8868    0.9653    1.0281    1.1573   -0.0120    0.0094    0.1033    0.0534    0.2883    0.7717   -0.0449    0.0353    0.3865 
    6  2.8868 -2.8868  7.8868    0.9653    1.0281    1.1573    0.0120   -0.0094    0.1033    0.0534    0.2883    0.7717    0.0449   -0.0353    0.3865 
    7 -2.8868  2.8868  7.8868    1.0213    1.0195    0.8869   -0.0147   -0.0009    0.0514   -0.0224   -0.0303   -0.6224   -0.0657   -0.0041    0.2294 
    8  2.8868  2.8868  7.8868    1.0213    1.0195    0.8869    0.0147    0.0009    0.0514   -0.0224   -0.0303   -0.6224    0.0657    0.0041    0.2294 


 Step 4.000000 Load 0.800000
Nodal Displacements: 
 Node            Coords            u1       u2       u3 
  1  -5.0000  -5.0000  10.0000   0.2451   3.6961   1.4013 
  2  -5.0000   5.0000  10.0000  -0.1666   3.2019  -1.6997 
  3  -5.0000  -5.0000   0.0000   0.0000  -0.0000   0.0000 
  4  -5.0000   5.0000   0.0000   0.0000   0.0000  -0.0000 
  5   5.0000  -5.0000  10.0000  -0.2451   3.6961   1.4013 
  6   5.0000   5.0000  10.0000   0.1666   3.2019  -1.6997 
  7   5.0000  -5.0000   0.0000   0.0000   0.0000   0.0000 
  8   5.0000   5.0000   0.0000   0.0000   0.0000   0.0000 


 Strains and Stresses 
 
 Element; 1 
 int pt         Coords            B_11      B_22     B_33      B_12       B_13      B_23      s_11      s_22      s_33      s_12      s_13      s_23 
    1 -2.8868 -2.8868  2.1132    0.9868    1.1082    1.1591   -0.0017    0.0101    0.3211    0.0835    0.5288    0.7152   -0.0062    0.0372    1.1775 
    2  2.8868 -2.8868  2.1132    0.9868    1.1082    1.1591    0.0017   -0.0101    0.3211    0.0835    0.5288    0.7152    0.0062   -0.0372    1.1775 
    3 -2.8868  2.8868  2.1132    1.0068    1.0885    0.8063   -0.0065   -0.0038    0.2313   -0.3022    0.0957   -1.2779   -0.0316   -0.0184    1.1257 
    4  2.8868  2.8868  2.1132    1.0068    1.0885    0.8063    0.0065    0.0038    0.2313   -0.3022    0.0957   -1.2779    0.0316    0.0184    1.1257 
    5 -2.8868 -2.8868  7.8868    0.9512    1.0526    1.2146   -0.0147    0.0144    0.1509    0.0774    0.4419    1.0243   -0.0530    0.0517    0.5426 
    6  2.8868 -2.8868  7.8868    0.9512    1.0526    1.2146    0.0147   -0.0144    0.1509    0.0774    0.4419    1.0243    0.0530   -0.0517    0.5426 
    7 -2.8868  2.8868  7.8868    1.0256    1.0329    0.8618   -0.0195    0.0005    0.0611   -0.0237    0.0090   -0.7628   -0.0882    0.0021    0.2756 
    8  2.8868  2.8868  7.8868    1.0256    1.0329    0.8618    0.0195   -0.0005    0.0611   -0.0237    0.0090   -0.7628    0.0882   -0.0021    0.2756 


 Step 5.000000 Load 1.000000
Nodal Displacements: 
 Node            Coords            u1       u2       u3 
  1  -5.0000  -5.0000  10.0000   0.3170   4.6348   1.6766 
  2  -5.0000   5.0000  10.0000  -0.1974   3.8864  -2.1247 
  3  -5.0000  -5.0000   0.0000   0.0000  -0.0000   0.0000 
  4  -5.0000   5.0000   0.0000  -0.0000   0.0000   0.0000 
  5   5.0000  -5.0000  10.0000  -0.3170   4.6348   1.6766 
  6   5.0000   5.0000  10.0000   0.1974   3.8864  -2.1247 
  7   5.0000  -5.0000   0.0000   0.0000   0.0000   0.0000 
  8   5.0000   5.0000   0.0000   0.0000   0.0000   0.0000 


 Strains and Stresses 
 
 Element; 1 
 int pt         Coords            B_11      B_22     B_33      B_12       B_13      B_23      s_11      s_22      s_33      s_12      s_13      s_23 
    1 -2.8868 -2.8868  2.1132    0.9827    1.1690    1.1887   -0.0008    0.0136    0.4077    0.0677    0.7339    0.8043   -0.0028    0.0485    1.4573 
    2  2.8868 -2.8868  2.1132    0.9827    1.1690    1.1887    0.0008   -0.0136    0.4077    0.0677    0.7339    0.8043    0.0028   -0.0485    1.4573 
    3 -2.8868  2.8868  2.1132    1.0076    1.1322    0.7596   -0.0082   -0.0039    0.2720   -0.4034    0.2272   -1.6580   -0.0417   -0.0199    1.3762 
    4  2.8868  2.8868  2.1132    1.0076    1.1322    0.7596    0.0082    0.0039    0.2720   -0.4034    0.2272   -1.6580    0.0417    0.0199    1.3762 
    5 -2.8868 -2.8868  7.8868    0.9361    1.0858    1.2722   -0.0167    0.0201    0.2047    0.1037    0.6208    1.2642   -0.0575    0.0694    0.7067 
    6  2.8868 -2.8868  7.8868    0.9361    1.0858    1.2722    0.0167   -0.0201    0.2047    0.1037    0.6208    1.2642    0.0575   -0.0694    0.7067 
    7 -2.8868  2.8868  7.8868    1.0287    1.0490    0.8431   -0.0241    0.0026    0.0689   -0.0224    0.0694   -0.8636   -0.1092    0.0117    0.3122 
    8  2.8868  2.8868  7.8868    1.0287    1.0490    0.8431    0.0241   -0.0026    0.0689   -0.0224    0.0694   -0.8636    0.1092   -0.0117    0.3122 
