Nodal Displacements: 
 Node            Coords            u1       u2       u3 
  1  -5.0000  -5.0000  10.0000   0.6750   0.6750   4.8375 
  2  -5.0000   5.0000  10.0000   0.6750  -0.6750   4.8375 
  3  -5.0000  -5.0000   0.0000   0.0000  -0.0000  -0.0000 
  4  -5.0000   5.0000   0.0000   0.0000  -0.0000  -0.0000 
  5   5.0000  -5.0000  10.0000  -0.6750   0.6750   4.8375 
  6   5.0000   5.0000  10.0000  -0.6750  -0.6750   4.8375 
  7   5.0000  -5.0000   0.0000   0.0000   0.0000   0.0000 
  8   5.0000   5.0000   0.0000   0.0000   0.0000   0.0000 


 Strains and Stresses 
 
 Element; 1 
 int pt         Coords            e_11      e_22     e_33      e_12       e_13      e_23      s_11      s_22      s_33      s_12      s_13      s_23 
    1 -2.8868 -2.8868  2.1132   -0.0285   -0.0285    0.4837    0.0000    0.0195    0.0195    0.9475    0.9475    5.2165    0.0000    0.1624    0.1624 
    2  2.8868 -2.8868  2.1132   -0.0285   -0.0285    0.4837    0.0000   -0.0195    0.0195    0.9475    0.9475    5.2165    0.0000   -0.1624    0.1624 
    3 -2.8868  2.8868  2.1132   -0.0285   -0.0285    0.4837    0.0000    0.0195   -0.0195    0.9475    0.9475    5.2165    0.0000    0.1624   -0.1624 
    4  2.8868  2.8868  2.1132   -0.0285   -0.0285    0.4837    0.0000   -0.0195   -0.0195    0.9475    0.9475    5.2165    0.0000   -0.1624   -0.1624 
    5 -2.8868 -2.8868  7.8868   -0.1065   -0.1065    0.4837   -0.0000    0.0195    0.0195   -0.1350   -0.1350    4.7835   -0.0000    0.1624    0.1624 
    6  2.8868 -2.8868  7.8868   -0.1065   -0.1065    0.4837   -0.0000   -0.0195    0.0195   -0.1350   -0.1350    4.7835   -0.0000   -0.1624    0.1624 
    7 -2.8868  2.8868  7.8868   -0.1065   -0.1065    0.4837   -0.0000    0.0195   -0.0195   -0.1350   -0.1350    4.7835   -0.0000    0.1624   -0.1624 
    8  2.8868  2.8868  7.8868   -0.1065   -0.1065    0.4837    0.0000   -0.0195   -0.0195   -0.1350   -0.1350    4.7835    0.0000   -0.1624   -0.1624 
