Nodal Displacements: 
 Node            Coords            u1       u2       u3 
  1  -5.0000  -5.0000  10.0000   5.6056   5.6056  -0.3550 
  2  -5.0000   5.0000  10.0000   5.6056  -5.6056  -0.3550 
  3  -5.0000  -5.0000   0.0000  -0.0000  -0.0000   0.0000 
  4  -5.0000   5.0000   0.0000   0.0000   0.0000   0.0000 
  5   5.0000  -5.0000  10.0000  -5.6056   5.6056  -0.3550 
  6   5.0000   5.0000  10.0000  -5.6056  -5.6056  -0.3550 
  7   5.0000  -5.0000   0.0000   0.0000   0.0000   0.0000 
  8   5.0000   5.0000   0.0000   0.0000   0.0000   0.0000 


 Strains and Stresses 
 
 Element; 1 
 int pt         Coords            e_11      e_22     e_33      e_12       e_13      e_23      s_11      s_22      s_33      s_12      s_13      s_23 
    1 -2.8868 -2.8868  2.1132   -0.2369   -0.2369   -0.0355    0.0000    0.1618    0.1618    0.3578    0.3578    2.0363    0.0000    1.3485    1.3485 
    2  2.8868 -2.8868  2.1132   -0.2369   -0.2369   -0.0355    0.0000   -0.1618    0.1618    0.3578    0.3578    2.0363    0.0000   -1.3485    1.3485 
    3 -2.8868  2.8868  2.1132   -0.2369   -0.2369   -0.0355    0.0000    0.1618   -0.1618    0.3578    0.3578    2.0363    0.0000    1.3485   -1.3485 
    4  2.8868  2.8868  2.1132   -0.2369   -0.2369   -0.0355    0.0000   -0.1618   -0.1618    0.3578    0.3578    2.0363    0.0000   -1.3485   -1.3485 
    5 -2.8868 -2.8868  7.8868   -0.8842   -0.8842   -0.0355   -0.0000    0.1618    0.1618    0.8913    0.8913    7.9637   -0.0000    1.3485    1.3485 
    6  2.8868 -2.8868  7.8868   -0.8842   -0.8842   -0.0355   -0.0000   -0.1618    0.1618    0.8913    0.8913    7.9637   -0.0000   -1.3485    1.3485 
    7 -2.8868  2.8868  7.8868   -0.8842   -0.8842   -0.0355   -0.0000    0.1618   -0.1618    0.8913    0.8913    7.9637   -0.0000    1.3485   -1.3485 
    8  2.8868  2.8868  7.8868   -0.8842   -0.8842   -0.0355   -0.0000   -0.1618   -0.1618    0.8913    0.8913    7.9637   -0.0000   -1.3485   -1.3485 
