Nodal Displacements: 
 Node            Coords            u1       u2       u3 
  1  -5.0000  -5.0000  10.0000   0.8437   0.8437   4.9219 
  2  -5.0000   5.0000  10.0000   0.8437  -0.8437   4.9219 
  3  -5.0000  -5.0000   0.0000  -0.0000   0.0000   0.0000 
  4  -5.0000   5.0000   0.0000   0.0000   0.0000  -0.0000 
  5   5.0000  -5.0000  10.0000  -0.8437   0.8437   4.9219 
  6   5.0000   5.0000  10.0000  -0.8437  -0.8437   4.9219 
  7   5.0000  -5.0000   0.0000   0.0000   0.0000   0.0000 
  8   5.0000   5.0000   0.0000   0.0000   0.0000   0.0000 


 Strains and Stresses 
 
 Element; 1 
 int pt         Coords            e_11      e_22     e_33      e_12       e_13      e_23      s_11      s_22      s_33      s_12      s_13      s_23 
    1 -2.8868 -2.8868  2.1132   -0.0357   -0.0357    0.4922    0.0000    0.0244    0.0244    0.8719    0.8719    5.2706    0.0000    0.2030    0.2030 
    2  2.8868 -2.8868  2.1132   -0.0357   -0.0357    0.4922   -0.0000   -0.0244    0.0244    0.8719    0.8719    5.2706   -0.0000   -0.2030    0.2030 
    3 -2.8868  2.8868  2.1132   -0.0357   -0.0357    0.4922    0.0000    0.0244   -0.0244    0.8719    0.8719    5.2706    0.0000    0.2030   -0.2030 
    4  2.8868  2.8868  2.1132   -0.0357   -0.0357    0.4922   -0.0000   -0.0244   -0.0244    0.8719    0.8719    5.2706   -0.0000   -0.2030   -0.2030 
    5 -2.8868 -2.8868  7.8868   -0.1331   -0.1331    0.4922   -0.0000    0.0244    0.0244   -0.4813   -0.4813    4.7294   -0.0000    0.2030    0.2030 
    6  2.8868 -2.8868  7.8868   -0.1331   -0.1331    0.4922   -0.0000   -0.0244    0.0244   -0.4813   -0.4813    4.7294   -0.0000   -0.2030    0.2030 
    7 -2.8868  2.8868  7.8868   -0.1331   -0.1331    0.4922   -0.0000    0.0244   -0.0244   -0.4813   -0.4813    4.7294   -0.0000    0.2030   -0.2030 
    8  2.8868  2.8868  7.8868   -0.1331   -0.1331    0.4922   -0.0000   -0.0244   -0.0244   -0.4813   -0.4813    4.7294   -0.0000   -0.2030   -0.2030 
