

 Step 1.000000 Load 0.200000
Nodal Displacements: 
 Node            Coords            u1       u2       u3 
  1  -5.0000  -5.0000  10.0000   0.1484   0.1484   1.0562 
  2  -5.0000   5.0000  10.0000   0.1484  -0.1484   1.0562 
  3  -5.0000  -5.0000   0.0000   0.0000  -0.0000   0.0000 
  4  -5.0000   5.0000   0.0000   0.0000  -0.0000   0.0000 
  5   5.0000  -5.0000  10.0000  -0.1484   0.1484   1.0562 
  6   5.0000   5.0000  10.0000  -0.1484  -0.1484   1.0562 
  7   5.0000  -5.0000   0.0000   0.0000   0.0000   0.0000 
  8   5.0000   5.0000   0.0000   0.0000   0.0000   0.0000 


 Strains and Stresses 
 
 Element; 1 
 int pt         Coords            B_11      B_22     B_33      B_12       B_13      B_23      s_11      s_22      s_33      s_12      s_13      s_23 
    1 -2.8868 -2.8868  2.1132    0.9876    0.9876    1.2224    0.0001    0.0095    0.0095    0.2283    0.2283    1.0734    0.0003    0.0341    0.0341 
    2  2.8868 -2.8868  2.1132    0.9876    0.9876    1.2224   -0.0001   -0.0095    0.0095    0.2283    0.2283    1.0734   -0.0003   -0.0341    0.0341 
    3 -2.8868  2.8868  2.1132    0.9876    0.9876    1.2224   -0.0001    0.0095   -0.0095    0.2283    0.2283    1.0734   -0.0003    0.0341   -0.0341 
    4  2.8868  2.8868  2.1132    0.9876    0.9876    1.2224    0.0001   -0.0095   -0.0095    0.2283    0.2283    1.0734    0.0003   -0.0341   -0.0341 
    5 -2.8868 -2.8868  7.8868    0.9538    0.9538    1.2224    0.0001    0.0095    0.0095   -0.0388   -0.0388    0.9856    0.0003    0.0361    0.0361 
    6  2.8868 -2.8868  7.8868    0.9538    0.9538    1.2224   -0.0001   -0.0095    0.0095   -0.0388   -0.0388    0.9856   -0.0003   -0.0361    0.0361 
    7 -2.8868  2.8868  7.8868    0.9538    0.9538    1.2224   -0.0001    0.0095   -0.0095   -0.0388   -0.0388    0.9856   -0.0003    0.0361   -0.0361 
    8  2.8868  2.8868  7.8868    0.9538    0.9538    1.2224    0.0001   -0.0095   -0.0095   -0.0388   -0.0388    0.9856    0.0003   -0.0361   -0.0361 


 Step 2.000000 Load 0.400000
Nodal Displacements: 
 Node            Coords            u1       u2       u3 
  1  -5.0000  -5.0000  10.0000   0.3204   0.3204   2.3129 
  2  -5.0000   5.0000  10.0000   0.3204  -0.3204   2.3129 
  3  -5.0000  -5.0000   0.0000   0.0000   0.0000   0.0000 
  4  -5.0000   5.0000   0.0000   0.0000  -0.0000  -0.0000 
  5   5.0000  -5.0000  10.0000  -0.3204   0.3204   2.3129 
  6   5.0000   5.0000  10.0000  -0.3204  -0.3204   2.3129 
  7   5.0000  -5.0000   0.0000   0.0000   0.0000   0.0000 
  8   5.0000   5.0000   0.0000   0.0000   0.0000   0.0000 


 Strains and Stresses 
 
 Element; 1 
 int pt         Coords            B_11      B_22     B_33      B_12       B_13      B_23      s_11      s_22      s_33      s_12      s_13      s_23 
    1 -2.8868 -2.8868  2.1132    0.9734    0.9734    1.5161    0.0003    0.0228    0.0228    0.5434    0.5434    2.2161    0.0011    0.0702    0.0702 
    2  2.8868 -2.8868  2.1132    0.9734    0.9734    1.5161   -0.0003   -0.0228    0.0228    0.5434    0.5434    2.2161   -0.0011   -0.0702    0.0702 
    3 -2.8868  2.8868  2.1132    0.9734    0.9734    1.5161   -0.0003    0.0228   -0.0228    0.5434    0.5434    2.2161   -0.0011    0.0702   -0.0702 
    4  2.8868  2.8868  2.1132    0.9734    0.9734    1.5161    0.0003   -0.0228   -0.0228    0.5434    0.5434    2.2161    0.0011   -0.0702   -0.0702 
    5 -2.8868 -2.8868  7.8868    0.9018    0.9018    1.5161    0.0003    0.0228    0.0228   -0.1059   -0.1059    2.0449    0.0012    0.0797    0.0797 
    6  2.8868 -2.8868  7.8868    0.9018    0.9018    1.5161   -0.0003   -0.0228    0.0228   -0.1059   -0.1059    2.0449   -0.0012   -0.0797    0.0797 
    7 -2.8868  2.8868  7.8868    0.9018    0.9018    1.5161   -0.0003    0.0228   -0.0228   -0.1059   -0.1059    2.0449   -0.0012    0.0797   -0.0797 
    8  2.8868  2.8868  7.8868    0.9018    0.9018    1.5161    0.0003   -0.0228   -0.0228   -0.1059   -0.1059    2.0449    0.0012   -0.0797   -0.0797 


 Step 3.000000 Load 0.600000
Nodal Displacements: 
 Node            Coords            u1       u2       u3 
  1  -5.0000  -5.0000  10.0000   0.5103   0.5103   3.8037 
  2  -5.0000   5.0000  10.0000   0.5103  -0.5103   3.8037 
  3  -5.0000  -5.0000   0.0000  -0.0000  -0.0000   0.0000 
  4  -5.0000   5.0000   0.0000   0.0000  -0.0000   0.0000 
  5   5.0000  -5.0000  10.0000  -0.5103   0.5103   3.8037 
  6   5.0000   5.0000  10.0000  -0.5103  -0.5103   3.8037 
  7   5.0000  -5.0000   0.0000   0.0000   0.0000   0.0000 
  8   5.0000   5.0000   0.0000   0.0000   0.0000   0.0000 


 Strains and Stresses 
 
 Element; 1 
 int pt         Coords            B_11      B_22     B_33      B_12       B_13      B_23      s_11      s_22      s_33      s_12      s_13      s_23 
    1 -2.8868 -2.8868  2.1132    0.9582    0.9582    1.9054    0.0009    0.0407    0.0407    0.9592    0.9592    3.4393    0.0023    0.1065    0.1065 
    2  2.8868 -2.8868  2.1132    0.9582    0.9582    1.9054   -0.0009   -0.0407    0.0407    0.9592    0.9592    3.4393   -0.0023   -0.1065    0.1065 
    3 -2.8868  2.8868  2.1132    0.9582    0.9582    1.9054   -0.0009    0.0407   -0.0407    0.9592    0.9592    3.4393   -0.0023    0.1065   -0.1065 
    4  2.8868  2.8868  2.1132    0.9582    0.9582    1.9054    0.0009   -0.0407   -0.0407    0.9592    0.9592    3.4393    0.0023   -0.1065   -0.1065 
    5 -2.8868 -2.8868  7.8868    0.8464    0.8464    1.9054    0.0009    0.0407    0.0407   -0.2087   -0.2087    3.2022    0.0028    0.1310    0.1310 
    6  2.8868 -2.8868  7.8868    0.8464    0.8464    1.9054   -0.0009   -0.0407    0.0407   -0.2087   -0.2087    3.2022   -0.0028   -0.1310    0.1310 
    7 -2.8868  2.8868  7.8868    0.8464    0.8464    1.9054   -0.0009    0.0407   -0.0407   -0.2087   -0.2087    3.2022   -0.0028    0.1310   -0.1310 
    8  2.8868  2.8868  7.8868    0.8464    0.8464    1.9054    0.0009   -0.0407   -0.0407   -0.2087   -0.2087    3.2022    0.0028   -0.1310   -0.1310 


 Step 4.000000 Load 0.800000
Nodal Displacements: 
 Node            Coords            u1       u2       u3 
  1  -5.0000  -5.0000  10.0000   0.7110   0.7110   5.5555 
  2  -5.0000   5.0000  10.0000   0.7110  -0.7110   5.5555 
  3  -5.0000  -5.0000   0.0000   0.0000  -0.0000  -0.0000 
  4  -5.0000   5.0000   0.0000  -0.0000   0.0000   0.0000 
  5   5.0000  -5.0000  10.0000  -0.7110   0.7110   5.5555 
  6   5.0000   5.0000  10.0000  -0.7110  -0.7110   5.5555 
  7   5.0000  -5.0000   0.0000   0.0000   0.0000   0.0000 
  8   5.0000   5.0000   0.0000   0.0000   0.0000   0.0000 


 Strains and Stresses 
 
 Element; 1 
 int pt         Coords            B_11      B_22     B_33      B_12       B_13      B_23      s_11      s_22      s_33      s_12      s_13      s_23 
    1 -2.8868 -2.8868  2.1132    0.9425    0.9425    2.4197    0.0017    0.0639    0.0639    1.4872    1.4872    4.7501    0.0037    0.1410    0.1410 
    2  2.8868 -2.8868  2.1132    0.9425    0.9425    2.4197   -0.0017   -0.0639    0.0639    1.4872    1.4872    4.7501   -0.0037   -0.1410    0.1410 
    3 -2.8868  2.8868  2.1132    0.9425    0.9425    2.4197   -0.0017    0.0639   -0.0639    1.4872    1.4872    4.7501   -0.0037    0.1410   -0.1410 
    4  2.8868  2.8868  2.1132    0.9425    0.9425    2.4197    0.0017   -0.0639   -0.0639    1.4872    1.4872    4.7501    0.0037   -0.1410   -0.1410 
    5 -2.8868 -2.8868  7.8868    0.7900    0.7900    2.4197    0.0017    0.0639    0.0639   -0.3545   -0.3545    4.4794    0.0050    0.1894    0.1894 
    6  2.8868 -2.8868  7.8868    0.7900    0.7900    2.4197   -0.0017   -0.0639    0.0639   -0.3545   -0.3545    4.4794   -0.0050   -0.1894    0.1894 
    7 -2.8868  2.8868  7.8868    0.7900    0.7900    2.4197   -0.0017    0.0639   -0.0639   -0.3545   -0.3545    4.4794   -0.0050    0.1894   -0.1894 
    8  2.8868  2.8868  7.8868    0.7900    0.7900    2.4197    0.0017   -0.0639   -0.0639   -0.3545   -0.3545    4.4794    0.0050   -0.1894   -0.1894 


 Step 5.000000 Load 1.000000
Nodal Displacements: 
 Node            Coords            u1       u2       u3 
  1  -5.0000  -5.0000  10.0000   0.9145   0.9145   7.5841 
  2  -5.0000   5.0000  10.0000   0.9145  -0.9145   7.5841 
  3  -5.0000  -5.0000   0.0000   0.0000  -0.0000  -0.0000 
  4  -5.0000   5.0000   0.0000  -0.0000  -0.0000   0.0000 
  5   5.0000  -5.0000  10.0000  -0.9145   0.9145   7.5841 
  6   5.0000   5.0000  10.0000  -0.9145  -0.9145   7.5841 
  7   5.0000  -5.0000   0.0000   0.0000   0.0000   0.0000 
  8   5.0000   5.0000   0.0000   0.0000   0.0000   0.0000 


 Strains and Stresses 
 
 Element; 1 
 int pt         Coords            B_11      B_22     B_33      B_12       B_13      B_23      s_11      s_22      s_33      s_12      s_13      s_23 
    1 -2.8868 -2.8868  2.1132    0.9270    0.9270    3.0920    0.0028    0.0928    0.0928    2.1342    2.1342    6.1501    0.0052    0.1722    0.1722 
    2  2.8868 -2.8868  2.1132    0.9270    0.9270    3.0920   -0.0028   -0.0928    0.0928    2.1342    2.1342    6.1501   -0.0052   -0.1722    0.1722 
    3 -2.8868  2.8868  2.1132    0.9270    0.9270    3.0920   -0.0028    0.0928   -0.0928    2.1342    2.1342    6.1501   -0.0052    0.1722   -0.1722 
    4  2.8868  2.8868  2.1132    0.9270    0.9270    3.0920    0.0028   -0.0928   -0.0928    2.1342    2.1342    6.1501    0.0052   -0.1722   -0.1722 
    5 -2.8868 -2.8868  7.8868    0.7351    0.7351    3.0920    0.0028    0.0928    0.0928   -0.5493   -0.5493    5.8938    0.0076    0.2538    0.2538 
    6  2.8868 -2.8868  7.8868    0.7351    0.7351    3.0920   -0.0028   -0.0928    0.0928   -0.5493   -0.5493    5.8938   -0.0076   -0.2538    0.2538 
    7 -2.8868  2.8868  7.8868    0.7351    0.7351    3.0920   -0.0028    0.0928   -0.0928   -0.5493   -0.5493    5.8938   -0.0076    0.2538   -0.2538 
    8  2.8868  2.8868  7.8868    0.7351    0.7351    3.0920    0.0028   -0.0928   -0.0928   -0.5493   -0.5493    5.8938    0.0076   -0.2538   -0.2538 
