Nodal Displacements: 
 Node            Coords            u1       u2       u3 
  1  -5.0000  -5.0000  10.0000  -0.6322   5.6663   3.2663 
  2  -5.0000   5.0000  10.0000   0.6322   5.6663  -3.2663 
  3  -5.0000  -5.0000   0.0000  -0.0000   0.0000  -0.0000 
  4  -5.0000   5.0000   0.0000  -0.0000   0.0000   0.0000 
  5   5.0000  -5.0000  10.0000   0.6322   5.6663   3.2663 
  6   5.0000   5.0000  10.0000  -0.6322   5.6663  -3.2663 
  7   5.0000  -5.0000   0.0000   0.0000   0.0000   0.0000 
  8   5.0000   5.0000   0.0000   0.0000   0.0000   0.0000 


 Strains and Stresses 
 
 Element; 1 
 int pt         Coords            e_11      e_22     e_33      e_12       e_13      e_23      s_11      s_22      s_33      s_12      s_13      s_23 
    1 -2.8868 -2.8868  2.1132    0.0154   -0.0000    0.1886    0.0077   -0.0105    0.2143    0.6952    0.5667    2.1382    0.0643   -0.0878    1.7858 
    2  2.8868 -2.8868  2.1132    0.0154   -0.0000    0.1886   -0.0077    0.0105    0.2143    0.6952    0.5667    2.1382   -0.0643    0.0878    1.7858 
    3 -2.8868  2.8868  2.1132   -0.0154   -0.0000   -0.1886    0.0077    0.0105    0.2143   -0.6952   -0.5667   -2.1382    0.0643    0.0878    1.7858 
    4  2.8868  2.8868  2.1132   -0.0154   -0.0000   -0.1886   -0.0077   -0.0105    0.2143   -0.6952   -0.5667   -2.1382   -0.0643   -0.0878    1.7858 
    5 -2.8868 -2.8868  7.8868    0.0576    0.0000    0.1886    0.0288   -0.0105    0.0257    1.1635    0.6838    2.2553    0.2399   -0.0878    0.2142 
    6  2.8868 -2.8868  7.8868    0.0576    0.0000    0.1886   -0.0288    0.0105    0.0257    1.1635    0.6838    2.2553   -0.2399    0.0878    0.2142 
    7 -2.8868  2.8868  7.8868   -0.0576    0.0000   -0.1886    0.0288    0.0105    0.0257   -1.1635   -0.6838   -2.2553    0.2399    0.0878    0.2142 
    8  2.8868  2.8868  7.8868   -0.0576    0.0000   -0.1886   -0.0288   -0.0105    0.0257   -1.1635   -0.6838   -2.2553   -0.2399   -0.0878    0.2142 
