Nodal Displacements: 
 Node            Coords            u1       u2       u3 
  1  -5.0000  -5.0000  10.0000   0.2566   4.4103   2.0103 
  2  -5.0000   5.0000  10.0000  -0.2566   4.4103  -2.0103 
  3  -5.0000  -5.0000   0.0000  -0.0000  -0.0000  -0.0000 
  4  -5.0000   5.0000   0.0000   0.0000   0.0000   0.0000 
  5   5.0000  -5.0000  10.0000  -0.2566   4.4103   2.0103 
  6   5.0000   5.0000  10.0000   0.2566   4.4103  -2.0103 
  7   5.0000  -5.0000   0.0000   0.0000   0.0000   0.0000 
  8   5.0000   5.0000   0.0000   0.0000   0.0000   0.0000 


 Strains and Stresses 
 
 Element; 1 
 int pt         Coords            e_11      e_22     e_33      e_12       e_13      e_23      s_11      s_22      s_33      s_12      s_13      s_23 
    1 -2.8868 -2.8868  2.1132   -0.0063    0.0000    0.1161   -0.0031    0.0043    0.1780    0.2528    0.3050    1.2722   -0.0261    0.0356    1.4836 
    2  2.8868 -2.8868  2.1132   -0.0063    0.0000    0.1161    0.0031   -0.0043    0.1780    0.2528    0.3050    1.2722    0.0261   -0.0356    1.4836 
    3 -2.8868  2.8868  2.1132    0.0063    0.0000   -0.1161   -0.0031   -0.0043    0.1780   -0.2528   -0.3050   -1.2722   -0.0261   -0.0356    1.4836 
    4  2.8868  2.8868  2.1132    0.0063    0.0000   -0.1161    0.0031    0.0043    0.1780   -0.2528   -0.3050   -1.2722    0.0261    0.0356    1.4836 
    5 -2.8868 -2.8868  7.8868   -0.0234    0.0000    0.1161   -0.0117    0.0043    0.0620    0.0627    0.2575    1.2247   -0.0974    0.0356    0.5164 
    6  2.8868 -2.8868  7.8868   -0.0234   -0.0000    0.1161    0.0117   -0.0043    0.0620    0.0627    0.2575    1.2247    0.0974   -0.0356    0.5164 
    7 -2.8868  2.8868  7.8868    0.0234    0.0000   -0.1161   -0.0117   -0.0043    0.0620   -0.0627   -0.2575   -1.2247   -0.0974   -0.0356    0.5164 
    8  2.8868  2.8868  7.8868    0.0234   -0.0000   -0.1161    0.0117    0.0043    0.0620   -0.0627   -0.2575   -1.2247    0.0974    0.0356    0.5164 
