

 Step 1.000000 Load 0.200000
Nodal Displacements: 
 Node            Coords            u1       u2       u3 
  1  -5.0000  -5.0000  10.0000   0.1130   1.8183   0.7572 
  2  -5.0000   5.0000  10.0000  -0.0926   1.6893  -0.8360 
  3  -5.0000  -5.0000   0.0000  -0.0000  -0.0000   0.0000 
  4  -5.0000   5.0000   0.0000   0.0000   0.0000  -0.0000 
  5   5.0000  -5.0000  10.0000  -0.1130   1.8183   0.7572 
  6   5.0000   5.0000  10.0000   0.0926   1.6893  -0.8360 
  7   5.0000  -5.0000   0.0000   0.0000   0.0000   0.0000 
  8   5.0000   5.0000   0.0000   0.0000   0.0000   0.0000 


 Strains and Stresses 
 
 Element; 1 
 int pt         Coords            B_11      B_22     B_33      B_12       B_13      B_23      s_11      s_22      s_33      s_12      s_13      s_23 
    1 -2.8868 -2.8868  2.1132    0.9942    1.0266    1.0870   -0.0018    0.0043    0.1531    0.0718    0.1981    0.4330   -0.0069    0.0166    0.5953 
    2  2.8868 -2.8868  2.1132    0.9942    1.0266    1.0870    0.0018   -0.0043    0.1531    0.0718    0.1981    0.4330    0.0069   -0.0166    0.5953 
    3 -2.8868  2.8868  2.1132    1.0042    1.0240    0.9038   -0.0030   -0.0026    0.1295   -0.1279   -0.0387   -0.5795   -0.0134   -0.0117    0.5824 
    4  2.8868  2.8868  2.1132    1.0042    1.0240    0.9038    0.0030    0.0026    0.1295   -0.1279   -0.0387   -0.5795    0.0134    0.0117    0.5824 
    5 -2.8868 -2.8868  7.8868    0.9783    1.0118    1.1017   -0.0085    0.0054    0.0623    0.0322    0.1626    0.5119   -0.0332    0.0208    0.2421 
    6  2.8868 -2.8868  7.8868    0.9783    1.0118    1.1017    0.0085   -0.0054    0.0623    0.0322    0.1626    0.5119    0.0332   -0.0208    0.2421 
    7 -2.8868  2.8868  7.8868    1.0157    1.0092    0.9184   -0.0098   -0.0015    0.0387   -0.0182   -0.0464   -0.4449   -0.0428   -0.0067    0.1698 
    8  2.8868  2.8868  7.8868    1.0157    1.0092    0.9184    0.0098    0.0015    0.0387   -0.0182   -0.0464   -0.4449    0.0428    0.0067    0.1698 


 Step 2.000000 Load 0.400000
Nodal Displacements: 
 Node            Coords            u1       u2       u3 
  1  -5.0000  -5.0000  10.0000   0.2451   3.6961   1.4013 
  2  -5.0000   5.0000  10.0000  -0.1666   3.2019  -1.6997 
  3  -5.0000  -5.0000   0.0000  -0.0000   0.0000   0.0000 
  4  -5.0000   5.0000   0.0000  -0.0000   0.0000   0.0000 
  5   5.0000  -5.0000  10.0000  -0.2451   3.6961   1.4013 
  6   5.0000   5.0000  10.0000   0.1666   3.2019  -1.6997 
  7   5.0000  -5.0000   0.0000   0.0000   0.0000   0.0000 
  8   5.0000   5.0000   0.0000   0.0000   0.0000   0.0000 


 Strains and Stresses 
 
 Element; 1 
 int pt         Coords            B_11      B_22     B_33      B_12       B_13      B_23      s_11      s_22      s_33      s_12      s_13      s_23 
    1 -2.8868 -2.8868  2.1132    0.9868    1.1082    1.1591   -0.0017    0.0101    0.3211    0.0835    0.5288    0.7152   -0.0062    0.0372    1.1775 
    2  2.8868 -2.8868  2.1132    0.9868    1.1082    1.1591    0.0017   -0.0101    0.3211    0.0835    0.5288    0.7152    0.0062   -0.0372    1.1775 
    3 -2.8868  2.8868  2.1132    1.0068    1.0885    0.8063   -0.0065   -0.0038    0.2313   -0.3022    0.0957   -1.2779   -0.0316   -0.0184    1.1257 
    4  2.8868  2.8868  2.1132    1.0068    1.0885    0.8063    0.0065    0.0038    0.2313   -0.3022    0.0957   -1.2779    0.0316    0.0184    1.1257 
    5 -2.8868 -2.8868  7.8868    0.9512    1.0526    1.2146   -0.0147    0.0144    0.1509    0.0774    0.4419    1.0243   -0.0530    0.0517    0.5426 
    6  2.8868 -2.8868  7.8868    0.9512    1.0526    1.2146    0.0147   -0.0144    0.1509    0.0774    0.4419    1.0243    0.0530   -0.0517    0.5426 
    7 -2.8868  2.8868  7.8868    1.0256    1.0329    0.8618   -0.0195    0.0005    0.0611   -0.0237    0.0090   -0.7628   -0.0882    0.0021    0.2756 
    8  2.8868  2.8868  7.8868    1.0256    1.0329    0.8618    0.0195   -0.0005    0.0611   -0.0237    0.0090   -0.7628    0.0882   -0.0021    0.2756 


 Step 3.000000 Load 0.600000
Nodal Displacements: 
 Node            Coords            u1       u2       u3 
  1  -5.0000  -5.0000  10.0000   0.3917   5.5633   1.9212 
  2  -5.0000   5.0000  10.0000  -0.2242   4.5241  -2.5370 
  3  -5.0000  -5.0000   0.0000  -0.0000   0.0000   0.0000 
  4  -5.0000   5.0000   0.0000   0.0000   0.0000  -0.0000 
  5   5.0000  -5.0000  10.0000  -0.3917   5.5633   1.9212 
  6   5.0000   5.0000  10.0000   0.2242   4.5241  -2.5370 
  7   5.0000  -5.0000   0.0000   0.0000   0.0000   0.0000 
  8   5.0000   5.0000   0.0000   0.0000   0.0000   0.0000 


 Strains and Stresses 
 
 Element; 1 
 int pt         Coords            B_11      B_22     B_33      B_12       B_13      B_23      s_11      s_22      s_33      s_12      s_13      s_23 
    1 -2.8868 -2.8868  2.1132    0.9783    1.2421    1.2143    0.0007    0.0173    0.4945    0.0388    0.9602    0.8629    0.0025    0.0604    1.7272 
    2  2.8868 -2.8868  2.1132    0.9783    1.2421    1.2143   -0.0007   -0.0173    0.4945    0.0388    0.9602    0.8629   -0.0025   -0.0604    1.7272 
    3 -2.8868  2.8868  2.1132    1.0081    1.1816    0.7153   -0.0099   -0.0039    0.3066   -0.5125    0.3992   -2.0502   -0.0521   -0.0203    1.6105 
    4  2.8868  2.8868  2.1132    1.0081    1.1816    0.7153    0.0099    0.0039    0.3066   -0.5125    0.3992   -2.0502    0.0521    0.0203    1.6105 
    5 -2.8868 -2.8868  7.8868    0.9202    1.1284    1.3290   -0.0177    0.0264    0.2639    0.1316    0.8221    1.4878   -0.0586    0.0877    0.8755 
    6  2.8868 -2.8868  7.8868    0.9202    1.1284    1.3290    0.0177   -0.0264    0.2639    0.1316    0.8221    1.4878    0.0586   -0.0877    0.8755 
    7 -2.8868  2.8868  7.8868    1.0307    1.0678    0.8301   -0.0283    0.0053    0.0759   -0.0184    0.1494   -0.9252   -0.1280    0.0239    0.3432 
    8  2.8868  2.8868  7.8868    1.0307    1.0678    0.8301    0.0283   -0.0053    0.0759   -0.0184    0.1494   -0.9252    0.1280   -0.0239    0.3432 


 Step 4.000000 Load 0.800000
Nodal Displacements: 
 Node            Coords            u1       u2       u3 
  1  -5.0000  -5.0000  10.0000   0.5457   7.3690   2.3266 
  2  -5.0000   5.0000  10.0000  -0.2660   5.6737  -3.3060 
  3  -5.0000  -5.0000   0.0000  -0.0000  -0.0000   0.0000 
  4  -5.0000   5.0000   0.0000   0.0000   0.0000   0.0000 
  5   5.0000  -5.0000  10.0000  -0.5457   7.3690   2.3266 
  6   5.0000   5.0000  10.0000   0.2660   5.6737  -3.3060 
  7   5.0000  -5.0000   0.0000   0.0000   0.0000   0.0000 
  8   5.0000   5.0000   0.0000   0.0000   0.0000   0.0000 


 Strains and Stresses 
 
 Element; 1 
 int pt         Coords            B_11      B_22     B_33      B_12       B_13      B_23      s_11      s_22      s_33      s_12      s_13      s_23 
    1 -2.8868 -2.8868  2.1132    0.9692    1.4211    1.2543    0.0056    0.0252    0.6660   -0.0527    1.4635    0.9039    0.0188    0.0847    2.2341 
    2  2.8868 -2.8868  2.1132    0.9692    1.4211    1.2543   -0.0056   -0.0252    0.6660   -0.0527    1.4635    0.9039   -0.0188   -0.0847    2.2341 
    3 -2.8868  2.8868  2.1132    1.0081    1.2935    0.6358   -0.0128   -0.0031    0.3608   -0.7519    0.8529   -2.8459   -0.0722   -0.0176    2.0292 
    4  2.8868  2.8868  2.1132    1.0081    1.2935    0.6358    0.0128    0.0031    0.3608   -0.7519    0.8529   -2.8459    0.0722    0.0176    2.0292 
    5 -2.8868 -2.8868  7.8868    0.8873    1.2420    1.4375   -0.0169    0.0405    0.3959    0.1895    1.2788    1.8793   -0.0518    0.1243    1.2159 
    6  2.8868 -2.8868  7.8868    0.8873    1.2420    1.4375    0.0169   -0.0405    0.3959    0.1895    1.2788    1.8793    0.0518   -0.1243    1.2159 
    7 -2.8868  2.8868  7.8868    1.0314    1.1143    0.8190   -0.0353    0.0121    0.0907   -0.0027    0.3637   -0.9419   -0.1561    0.0536    0.4011 
    8  2.8868  2.8868  7.8868    1.0314    1.1143    0.8190    0.0353   -0.0121    0.0907   -0.0027    0.3637   -0.9419    0.1561   -0.0536    0.4011 


 Step 5.000000 Load 1.000000
Nodal Displacements: 
 Node            Coords            u1       u2       u3 
  1  -5.0000  -5.0000  10.0000   0.7011   9.0899   2.6391 
  2  -5.0000   5.0000  10.0000  -0.2911   6.6875  -3.9841 
  3  -5.0000  -5.0000   0.0000   0.0000  -0.0000  -0.0000 
  4  -5.0000   5.0000   0.0000   0.0000  -0.0000  -0.0000 
  5   5.0000  -5.0000  10.0000  -0.7011   9.0899   2.6391 
  6   5.0000   5.0000  10.0000   0.2911   6.6875  -3.9841 
  7   5.0000  -5.0000   0.0000   0.0000   0.0000   0.0000 
  8   5.0000   5.0000   0.0000   0.0000   0.0000   0.0000 


 Strains and Stresses 
 
 Element; 1 
 int pt         Coords            B_11      B_22     B_33      B_12       B_13      B_23      s_11      s_22      s_33      s_12      s_13      s_23 
    1 -2.8868 -2.8868  2.1132    0.9598    1.6376    1.2828    0.0129    0.0336    0.8317   -0.1797    2.0179    0.8676    0.0417    0.1089    2.6970 
    2  2.8868 -2.8868  2.1132    0.9598    1.6376    1.2828   -0.0129   -0.0336    0.8317   -0.1797    2.0179    0.8676   -0.0417   -0.1089    2.6970 
    3 -2.8868  2.8868  2.1132    1.0071    1.4187    0.5695   -0.0149   -0.0018    0.4007   -1.0188    1.4316   -3.6232   -0.0885   -0.0107    2.3849 
    4  2.8868  2.8868  2.1132    1.0071    1.4187    0.5695    0.0149    0.0018    0.4007   -1.0188    1.4316   -3.6232    0.0885    0.0107    2.3849 
    5 -2.8868 -2.8868  7.8868    0.8538    1.3935    1.5361   -0.0123    0.0555    0.5412    0.2466    1.7888    2.1964   -0.0351    0.1586    1.5466 
    6  2.8868 -2.8868  7.8868    0.8538    1.3935    1.5361    0.0123   -0.0555    0.5412    0.2466    1.7888    2.1964    0.0351   -0.1586    1.5466 
    7 -2.8868  2.8868  7.8868    1.0279    1.1747    0.8228   -0.0400    0.0201    0.1102    0.0238    0.6462   -0.8462   -0.1696    0.0853    0.4673 
    8  2.8868  2.8868  7.8868    1.0279    1.1747    0.8228    0.0400   -0.0201    0.1102    0.0238    0.6462   -0.8462    0.1696   -0.0853    0.4673 
